2
1 2
2 3
2 8
2 1

4
3 2 1 2
2 3 4 3
2 1 2 1
2 2 1 3

6
2 3 3 4 5 4
3 3 6 4 7 4
3 4 5 1 1 1
3 3 3 6 5 2

6
2 2 2 2 2 2
3 3 3 4 4 4
3 3 3 3 3 3 
3 3 3 2 2 2

4
2 1 2 1
3 5 4 6
9 9 9 9
5 6 2 3

13
3 2 1 8 5 7 6 4 1 2 2 5 4
16 4 3 2 6 4 6 7 2 12 8 10 14
2 2 2 3 2 1 2 5 4 4 4 3 2
7 1 13 5 14 2 11 1 4 3 5 6 3

5
1000000000 999999999 999999998 999999997 999999996
1000000000 999999999 999999998 999999997 999999996
999999996 999999997 999999998 999999999 1000000000
999999995 999999996 999999997 999999998 999999999
