100
459160369 500
167899852 794
1929663074 112
756831966 769
1160947744 154
284505554 244
52678993 175
2056760542 670
368817858 552
12766351 592
665985624 792
1402372955 248
836274007 69
1931290343 431
1540607538 675
1464870237 439
1350037387 142
1145648510 956
1571611204 916
713185433 912
278465723 36
30133576 175
1444845087 968
1482676445 362
1812899896 824
390284834 488
1174903829 226
1469998175 525
538836803 10
2090960651 237
1855123917 261
1096486125 356
749677356 731
2074858848 738
670277735 18
945828569 477
1429795726 340
67682229 928
936697335 223
735347454 281
757617431 142
1866962783 952
1628553833 604
1721894825 191
928977237 957
1561766847 283
830284075 707
1058535869 923
1321537383 195
97179583 149
295106482 439
1387093031 220
2111974467 994
1591171284 485
2128599170 205
863511612 846
462448563 236
1812326071 284
1096202969 758
1363987674 581
922186443 490
1513457303 841
1766662176 998
1641015730 77
363499661 747
291317266 537
1190734222 149
1213711167 951
190622433 142
2027682677 484
269978659 737
832456030 393
1394931646 411
134584077 236
1169936200 856
1618226411 457
1191249309 770
2082757639 961
1737888811 18
2092983740 708
1108393967 679
1175390857 234
580690386 922
1519056602 666
490224187 405
2124261479 566
262670343 604
1430119386 666
1185469838 435
296099406 931
1444547378 99
1518388424 255
1228516342 124
131722328 674
882858615 570
423405596 849
691926663 924
1170864797 106
749475602 547
1484496188 258
