426174267
27710904
948945633
738466384
752987871
184117405
3976680
683354808
141761015
10386638
536206895
999357715
499615512
299264748
964232469
959138788
619049487
414178913
1069052645
270376830
27022426
18218860
161334102
668413108
1651087194
200336044
542481072
1400103192
174448612
1618362868
1071731914
1087103281
268355772
1244859742
2784849
12439967
1273470353
37489926
553111545
488899271
540108407
800264526
597179834
33010722
249202087
210975366
368442403
1045291783
426542993
14567
28471755
769176694
1882174802
302654947
331397758
643998493
210032112
511954139
632621432
332646969
880477771
1402193837
1394044065
576216368
122953207
218190943
125175082
335342903
87744101
1309229302
131078141
244677034
567063065
103082022
1090744340
452708562
881238139
754652706
1179372611
1715188637
365729309
655148086
301769335
1386013385
334778959
991240551
66261822
1089535243
992568715
143914136
302827444
372802623
244435192
66553379
657900197
53610734
183159510
898168881
644800565
1148792064
