3 100
10000001
00101011
00010000
11100000
10010111
01100100
11111010
01010011
10111001
10000100
00001001
00011001
00100010
01111000
01110001
11001010
11000011
00101000
10111101
01011010
00011111
11100101
00110011
00010101
01011100
00011100
00000010
01001000
01110011
01010101
10010000
00101110
11110001
01001000
10111011
01101111
01101101
10100001
00010100
10011001
11101011
01001110
00101111
01110101
10010001
01100100
00010110
11101010
11001001
01011110
11111100
01100011
10001100
00100110
01110000
11100010
00011010
00110001
10001001
00110100
11110111
01100101
00100010
00010011
00110111
00010111
00100101
10000111
01101001
00110011
00100001
11111010
11101100
01000011
00001000
10010001
11110110
10111010
01011110
11011110
10010000
10111101
11101110
11001110
10111010
01010001
10011001
01100100
00000000
10010010
11100001
11100101
01001000
00000100
10000101
10000001
01101111
00101111
10001011
11110000
