10
4 3 2 1 0 0 1 2 3 4


20
1 2 3 4 5 6 7 8 9 10 11 12 13 14 15 16 17 18 19 20 21 22 23 24 25 26

7
10 10 10 10 10 10 10

12
1 1 1 3 3 3 2 2 2 4 4 4


20
1 2 10 100 16 1728 1 2 2 3 4 90 13 24 67 1 1 3 3 5

12
789 456 435 765 465 798 132 756 798 135 796 26

5
3 5 6 4 6

11
1 7 4 3 6 6 2 5 6 4 5

20
1 2 3 4 5 6 7 8 9 10 11 12 13 14 15 16 17 18 19 20 21 22 23 24 25 26


10
5 4 3 2 1 6 7 8 9 10

18
1 1 1 2 2 2 3 3 3 1 1 1 2 2 2 3 3 3

12
999 1 998 2 997 3 4 996 5 995 6 994

16
11 11 12 12 13 13 9 9 8 8 7 7 15 15 21 21

15
1 2 3 4 5 6 7 8 9 10 11 12 13 14 15

22
15 23 26 23 23 26 26 89 45 100 0 12 45 66 78 99 33 33 33 33 99 100

10
255 512 166 365 649 433 937 901 881 550

8
815 411 161 871 788 971 309 412

5
317 314 655 601 358

10
255 512 166 365 649 433 937 901 881 550

4
2 1 3 2

7
10 10 10 10 10 10 10

5
2 1 3 3 2

7
169 710 178 184 677 211 670
